22000
22001
22002
22003
22004
22005
22006
22007
22008
22009
22010
22011
22012
22013
22014
22015
22016
22017
22018
22019
22020
22021
22022
22023
22024
22025
22026
22027
22028
22029
22030
22031
22032
22033
22034
22035
22036
22037
22038
22039
22040
22041
22042
22043
22044
22045
22046
22047
22048
22049
22050
22051
22052
22053
22054
22055
22056
22057
22058
22059
22060
22061
22062
22063
22064
22065
22066
22067
22068
22069
22070
22071
22072
3101
3102
3107
3110
3111
3112
3117
3118
3119
3120
3123
3127
3128
3130
3133
3136
3137
3138
3139
3140
3141
3142
3145
3148
3150
3151
3152
3153
3154
3155
3158
3159
3160
3161
3163
3164
3166
3167
3169
3171
3173
3174
784
138
539
785
783
786
828
2102
2103
2111
2112
2113
2117
2118
2135
2136
2137
2138
2139
2140
2141
2143
2145
2146
2147
2148
2149
2150
2151
2152
2153
2154
2159
2162
8571
8538
9250
9251
9252
9253
9254
9255
9256
9257
9258
9259
9260
9261
9262
9263
9264
7021
7022
7023
7024
7025
7026
7027
7028
7029
7030
7031
2211
2214
2215
2218
2220
2221
2222
2225
2226
2227
2228
2229
2230
2231
2232
2233
2265
2267
2268
2269
2270
2272
2273
2274
2275
10811
10812
10813
10814
10815
10816
10817
10818
10819
10820
10822
10823
10824
10825
10826
10827
10828
10830
10831
10832
10833
10834
10835
10836
10838
10839
10840
10841
10842
10843
10844
10845
10846
10847
10848
10849
10850
10851
10852
10853
10854
10855
10856
10857
10858
10859
10860
10861
10862
10863
10864
10865
10866
10867
10868
10869
10870
10871
10872
10873
10874
10875
10876
10877
10878
10879
10880
10882
10883
10884
10885
10888
10889
10890
10891
10892
10893
10894
11001
11002
11004
11010
11002
11018
11021
11023
11025
11034
11036
11037
11038
11044
11046
11060
11066
11077
11083
11084
11101
11106
11107
