128
77
212
687
33
35
6
36
461
205
57
305
306
151
688
206
544
619
153
136
597
415
788
481
237
141
312
78
79
321
144
692
207
239
7
314
208
315
8
81
531
507
9
469
3
256
173
284
695
82
83
84
318
525
154
637
18
19
11
16
260
323
622
155
495
790
85
319
257
470
13
156
133
56
238
17
602
324
530
298
472
86
20
326
269
328
526
329
444
180
330
87
331
39
510
265
509
24
333
334
202
240
603
496
713
293
241
486
135
335
181
209
183
626
337
338
504
339
627
606
340
137
342
707
344
21
91
125
268
347
378
349
294
536
351
213
353
794
540
708
266
286
96
38
362
126
359
360
641
710
471
515
552
363
711
553
463
476
559
511
250
477
365
98
368
596
188
48
369
22
99
25
370
262
282
371
372
571
184
215
795
610
374
63
712
64
375
376
573
527
380
216
381
483
23
139
561
231
291
10
384
386
385
387
389
554
390
391
26
242
528
393
161
632
219
220
796
464
2
104
522
714
484
203
15
523
398
598
580
399
400
503
222
253
524
402
533
162
190
612
14
513
405
516
127
408
409
223
395
69
411
143
635
412
529
591
259
420
421
716
422
27
480
224
5
423
28
225
418
718
419
426
164
549
434
428
430
431
433
166
226
595
12
112
435
543
517
145
29
437
485
146
30
116
148
542
440
615
548
413
441
547
443
655
1
723
229
445
656
230
70
119
267
658
659
168
724
545
488
447
558
176
654
448
725
617
258
195
76
424
450
122
451
728
292
123
235
454
142
4
31
546
2017
603
808
811
812
813
815
816
818
819
820
821
823
825
826
827
2001
2003
2004
2010
2011
2014
2015
2016
2017
2031
2032
2033
2035
2036
2037
2038
2039
2040
2042
2043
2044
2045
2046
2047
2049
2051
2052
2053
2054
2055
2056
2057
2058
2059
2060
2061
2062
2063
2064
2065
2066
2067
2072
