23000
23001
23002
23003
23004
23005
23006
23007
23008
23009
23010
23011
23012
23013
23014
23015
23016
23017
23018
23019
23020
23021
23022
23023
23024
23025
23026
23027
23028
23029
23030
23031
23032
23033
23034
23035
23036
23037
23038
23039
23040
23041
23042
23043
23044
23045
23046
23047
23048
23049
23050
23051
23052
23053
23054
23055
23056
23057
23058
23059
23060
23061
23062
23063
23064
23065
23066
23067
23068
23069
23070
23071
23072
23073
23074
23075
23076
23077
23078
23079
23080
23081
23082
23083
23084
23085
23086
23087
23088
23089
23090
23091
23092
23093
23094
23095
23096
23097
23098
23099
23100
23101
23102
23103
23104
23105
23106
23107
23108
23109
23110
23111
23112
23113
23114
23115
23116
23117
23118
23119
23120
23121
23122
23123
23124
23125
23126
23127
23128
23129
23130
23131
23132
23133
23134
23135
23136
23137
23138
3004
3006
3013
3019
3022
3024
3026
3031
3036
3038
3040
3041
3042
3043
3045
3048
3049
3050
3055
3060
3063
3065
3069
3074
3076
3077
3078
3079
3087
3088
506
32
301
302
244
599
489
303
787
34
492
519
171
490
172
520
129
304
152
307
308
601
130
309
132
310
621
245
52
690
493
41
42
468
197
196
43
311
44
80
249
313
246
247
248
236
620
316
281
694
285
317
251
647
174
505
320
54
175
494
789
508
623
327
322
55
466
177
178
698
383
179
198
325
791
157
427
429
332
58
792
59
700
473
474
604
462
467
336
487
182
465
88
793
50
210
89
90
607
356
357
280
358
341
343
345
346
92
514
348
45
628
629
252
158
537
93
94
350
352
271
185
630
609
199
354
95
709
47
299
355
186
46
40
512
458
551
97
187
159
361
475
560
364
649
650
60
278
366
49
61
100
562
62
276
277
275
563
101
288
189
373
160
65
211
377
379
287
217
140
388
478
521
392
274
218
102
631
103
51
394
557
214
633
270
66
396
397
67
105
263
106
300
296
243
200
221
583
401
107
584
403
404
406
108
555
232
165
414
613
407
68
191
634
410
264
589
797
192
614
482
109
110
425
416
417
111
720
163
638
432
113
436
295
114
115
640
438
227
642
167
261
644
439
228
193
518
648
117
652
446
204
289
150
455
118
120
645
798
456
653
71
799
121
460
72
556
283
663
73
194
74
449
37
75
727
169
729
646
717
233
550
453
234
457
730
618
124
664
201
803
804
805
806
807
809
810
814
817
822
824
829
830
831
832
833
834
2002
2005
2006
2007
2008
2009
2012
2013
2018
2019
2020
2021
2022
2023
2024
2025
2026
2027
2028
2029
2030
2034
2041
2048
2050
2068
2069
2070
2071
2073
2074
2075
2076
2077
2078
2079
2080
2081
2082
2083
2084
2085
2086
2087
2088
2089
2090
2091
2092
2093
2094
2095
2096
2097
2098
2099
2100
8031
8300
8243
8598
8033
8491
8518
8170
8171
8151
8306
8600
8308
8309
8620
8244
8051
8689
8492
8040
8041
8196
8195
8042
8043
8079
8248
8312
8245
8246
8247
8235
8280
8693
8316
8250
8646
8173
8053
8174
8493
8507
8321
8465
8176
8177
8697
8178
8324
8156
8426
8331
8058
8181
8087
8049
8209
8088
8089
8355
8357
8342
8345
8091
8513
8347
8044
8251
8157
8092
8093
8349
8351
8270
8184
8198
8353
8094
8046
8298
8095
8045
8039
8511
8457
8096
8186
8158
8360
8363
8059
8048
8060
8561
8061
8100
8159
8064
8376
8286
8139
8387
8520
8391
8217
8101
8102
8050
8213
8269
8065
8521
8396
8066
8104
8262
8105
8299
8242
8199
8220
8400
8106
8405
8107
8554
8164
8413
8067
8190
8409
8263
8796
8191
8108
8109
8416
8110
8719
8162
8431
8112
8435
8113
8114
8226
8166
8260
8438
8227
8192
8517
8116
8651
8203
8149
8454
8117
8119
8070
8120
8459
8282
8193
8448
8036
8074
8726
8168
8728
8645
8232
8452
8233
8456
8729
8123
8200
9800
9801
9802
9803
9804
9806
9847
9807
9808
9809
9813
9814
9849
9815
9816
9850
9817
9821
9823
9824
9826
9827
9828
9829
9831
9832
9862
9834
9835
9836
9864
9842
8901
8902
8903
8905
8909
8911
8913
8914
8931
8932
8933
8936
8497
8501
8565
8737
8500
9000
9001
9002
9006
9008
9010
9102
9103
9225
9226
9227
9228
9229
9230
9231
9232
9233
9234
9235
9236
9237
9238
9239
9240
9241
9242
9243
9244
9245
9246
9247
9248
9249
9602
9603
9605
9606
6001
6002
6003
6004
6005
6006
6007
6008
6009
6010
6011
6012
6013
6014
6015
6016
6017
6018
6019
6020
6021
6022
6023
6024
6025
6026
6027
2200
2201
2202
2204
2235
2244
2245
2256
2262
2266
10231
10232
10233
10234
10235
10236
10237
10238
10239
10240
10241
10242
10243
10244
10245
10246
10247
10248
10249
10250
10251
10252
10253
10254
10255
10256
10257
10258
10259
10260
10261
10262
10263
10264
10265
10266
10267
10268
10269
10270
10271
10272
10273
10274
10275
10276
10277
10278
10279
10280
10281
10282
10283
10284
10285
10286
10287
10288
10289
10290
10291
10292
10293
10294
10295
10296
10297
10298
10299
10300
10301
10302
10303
10304
10305
10306
10307
10308
10309
10310
10311
10312
10313
10314
10315
10316
10317
10318
10319
10320
10321
10322
10323
10324
10325
10326
10327
10328
10329
10330
10331
10332
10333
10334
10335
10336
10337
10338
10339
10340
10341
10342
10343
10344
10345
10346
10347
10348
10349
10350
10351
10352
10353
10354
10355
10356
10357
10358
10359
10360
10361
10362
10363
10364
10365
10366
10367
10368
10369
10370
10371
10372
10373
10374
10375
10376
10377
10378
10379
10380
10381
10382
10383
10384
10385
10386
10387
10388
10389
10390
10391
10392
10393
10394
10395
10396
10397
10398
10399
10400
10401
10402
10403
10404
10405
10406
10407
10408
10409
10410
10411
10412
10413
10414
10415
10416
10417
10418
10419
10420
10421
10422
10423
10424
10425
10426
10427
10428
10429
10430
10431
10432
10433
10434
10435
10436
10437
10438
10439
11024
11058
11059
11063
11064
11065
11073
11081
11085
11093
11094
